0 4.89 4.44 5.56 5.56 3.89 6.22 5.11 5.44 5.11 5.22 4.56 5.33 5.44 5.33
4.89 0 3.11 4.56 3.44 4 3.22 3.89 3.67 3.33 4.22 4.33 4.44 3.56 4.67
4.44 3.11 0 5 5 5.56 5 4.56 3.11 5.11 4.67 5.11 5.11 3.89 5.78
5.56 4.56 5 0 3.67 3 3.67 2.44 3.67 3.89 2.78 3.78 4.89 3.78 4.67
5.56 3.44 5 3.67 0 3.22 2.67 2.11 2.67 4.67 2.33 3 2.44 2.22 2.44
3.89 4 5.56 3 3.22 0 4.78 4.44 4.56 2.67 4.22 3 5.33 5.33 5.56
6.22 3.22 5 3.67 2.67 4.78 0 2.22 0.89 5.11 2.89 4.33 4.11 3.44 4
5.11 3.89 4.56 2.44 2.11 4.44 2.22 0 3.33 4.67 1.78 4 4.22 3.22 3.89
5.44 3.67 3.11 3.67 2.67 4.56 0.89 3.33 0 5.67 2.67 4.56 3.89 2.67 3.67
5.11 3.33 5.11 3.89 4.67 2.67 5.11 4.67 5.67 0 4.67 1.67 4.89 5.11 5.89
5.22 4.22 4.67 2.78 2.33 4.22 2.89 1.78 2.67 4.67 0 2.56 4 4 4.22
4.56 4.33 5.11 3.78 3 3 4.33 4 4.56 1.67 2.56 0 4.67 5.11 4.22
5.33 4.44 5.11 4.89 2.44 5.33 4.11 4.22 3.89 4.89 4 4.67 0 2.89 2.33
5.44 3.56 3.89 3.78 2.22 5.33 3.44 3.22 2.67 5.11 4 5.11 2.89 0 3.33
5.33 4.67 5.78 4.67 2.44 5.56 4 3.89 3.67 5.89 4.22 4.22 2.33 3.33 0
