0 5.5 5.66666666666667 5.83333333333333 6.16666666666667 6.83333333333333 4.16666666666667 5.16666666666667 4.83333333333333 3 4.16666666666667 6.33333333333333 5.5 6 6.66666666666667 6.16666666666667 4.66666666666667 6.16666666666667 5.66666666666667 6.5
5.5 0 1.70588235294118 5.58823529411765 5.125 6.125 2.88235294117647 4.88235294117647 2.8125 4.82352941176471 5.70588235294118 4.9375 2.8125 5.875 6.47058823529412 6.3125 3.11764705882353 5.0625 5.88235294117647 5.94117647058824
5.66666666666667 1.70588235294118 0 5.9375 4.75 6.35294117647059 1.6875 4.875 2.3125 4.3125 6.29411764705882 5.52941176470588 3.5 5.70588235294118 6.5 5.72222222222222 4.25 5.25 6.3125 5.17647058823529
5.83333333333333 5.58823529411765 5.9375 0 3.8125 4.82352941176471 6.25 5.44444444444444 5.9375 5.3125 3.875 5.35294117647059 6.23529411764706 4.5 5.875 4.4375 6.58823529411765 4.625 5.1875 2.9375
6.16666666666667 5.125 4.75 3.8125 0 3.88888888888889 5.125 4.5 5.05882352941176 4.47058823529412 3.41176470588235 5.875 4.875 6.35294117647059 6.29411764705882 2.25 6.375 5.76470588235294 5.11764705882353 4.0625
6.83333333333333 6.125 6.35294117647059 4.82352941176471 3.88888888888889 0 5.94444444444444 6.125 6.25 5.58823529411765 5.9375 5.8125 6.11764705882353 6.58823529411765 6.47058823529412 1 6.76470588235294 5.94117647058824 3.5 4.8125
4.16666666666667 2.88235294117647 1.6875 6.25 5.125 5.94444444444444 0 5.625 4.16666666666667 4.52941176470588 5.70588235294118 5.0625 3 5.875 6.82352941176471 6.6875 3.25 4.94117647058824 6.44444444444444 5.9375
5.16666666666667 4.88235294117647 4.875 5.44444444444444 4.5 6.125 5.625 0 4.5625 2.8125 4.3125 4.29411764705882 5 4.125 6.1875 6.0625 5.38888888888889 2.25 5.1875 5.4375
4.83333333333333 2.8125 2.3125 5.9375 5.05882352941176 6.25 4.16666666666667 4.5625 0 1.875 4.76470588235294 3.88235294117647 1.875 5.05882352941176 6.875 6.05555555555556 4.4375 4 5.9375 5.61111111111111
3 4.82352941176471 4.3125 5.3125 4.47058823529412 5.58823529411765 4.52941176470588 2.8125 1.875 0 3.94117647058824 3.76470588235294 4 4.5625 6 5.75 4.77777777777778 4.5625 5 5.375
4.16666666666667 5.70588235294118 6.29411764705882 3.875 3.41176470588235 5.9375 5.70588235294118 4.3125 4.76470588235294 3.94117647058824 0 4.5 5.4375 4.47058823529412 5.41176470588235 4.88235294117647 6.11764705882353 4.88235294117647 4.5625 2.94117647058824
6.33333333333333 4.9375 5.52941176470588 5.35294117647059 5.875 5.8125 5.0625 4.29411764705882 3.88235294117647 3.76470588235294 4.5 0 4 0.882352941176471 6.25 4.5 5.29411764705882 3.875 6.23529411764706 5.52941176470588
5.5 2.8125 3.5 6.23529411764706 4.875 6.11764705882353 3 5 1.875 4 5.4375 4 0 4.4375 6.3125 6.47058823529412 3.5625 4.3125 5.75 6.17647058823529
6 5.875 5.70588235294118 4.5 6.35294117647059 6.58823529411765 5.875 4.125 5.05882352941176 4.5625 4.47058823529412 0.882352941176471 4.4375 0 5.5625 6.25 6.11764705882353 3.05882352941176 6.125 5.5
6.66666666666667 6.47058823529412 6.5 5.875 6.29411764705882 6.47058823529412 6.82352941176471 6.1875 6.875 6 5.41176470588235 6.25 6.3125 5.5625 0 6.5625 7 4.75 6.22222222222222 5.875
6.16666666666667 6.3125 5.72222222222222 4.4375 2.25 1 6.6875 6.0625 6.05555555555556 5.75 4.88235294117647 4.5 6.47058823529412 6.25 6.5625 0 6.5625 6 2.8125 3.5
4.66666666666667 3.11764705882353 4.25 6.58823529411765 6.375 6.76470588235294 3.25 5.38888888888889 4.4375 4.77777777777778 6.11764705882353 5.29411764705882 3.5625 6.11764705882353 7 6.5625 0 5.83333333333333 5.8125 6.4375
6.16666666666667 5.0625 5.25 4.625 5.76470588235294 5.94117647058824 4.94117647058824 2.25 4 4.5625 4.88235294117647 3.875 4.3125 3.05882352941176 4.75 6 5.83333333333333 0 6.05882352941176 5
5.66666666666667 5.88235294117647 6.3125 5.1875 5.11764705882353 3.5 6.44444444444444 5.1875 5.9375 5 4.5625 6.23529411764706 5.75 6.125 6.22222222222222 2.8125 5.8125 6.05882352941176 0 2.75
6.5 5.94117647058824 5.17647058823529 2.9375 4.0625 4.8125 5.9375 5.4375 5.61111111111111 5.375 2.94117647058824 5.52941176470588 6.17647058823529 5.5 5.875 3.5 6.4375 5 2.75 0
